0.07622766494750977
0.09431028366088867
0.1997537612915039
0.1537315845489502
0.14476919174194336
0.3858058452606201
0.3899199962615967
0.3808863162994385
0.20647096633911133
0.4254772663116455
0.48406338691711426
0.6971240043640137
0.46028733253479004
0.6071085929870605
0.758425235748291
0.5164945125579834
1.2666568756103516
0.43085741996765137
0.4401540756225586
0.8185608386993408
0.6129457950592041
0.7196483612060547
0.7071106433868408
0.7577202320098877
0.6142454147338867
0.5561888217926025
0.2791111469268799
0.9481315612792969
0.382174015045166
0.5348968505859375
0.6527462005615234
0.6492695808410645
0.7416267395019531
0.6643540859222412
0.7091341018676758
0.9357502460479736
0.3191683292388916
0.40969109535217285
0.9379062652587891
0.5037992000579834
1.3542344570159912
0.18728137016296387
1.2170522212982178
0.18777704238891602
0.285555362701416
0.5275309085845947
0.865997314453125
0.22635293006896973
0.7083759307861328
1.490041971206665
0.4149763584136963
0.8697459697723389
0.5592660903930664
1.0101680755615234
0.6412198543548584
0.19329619407653809
0.2439107894897461
0.7562339305877686
0.4282553195953369
0.3720095157623291
0.6385040283203125
0.534614086151123
0.3893752098083496
0.41431117057800293
0.7354640960693359
0.7009949684143066
1.167787790298462
0.5318088531494141
0.5087575912475586
0.5365662574768066
0.5849957466125488
0.5922884941101074
0.6661243438720703
0.6140758991241455
0.5265979766845703
0.6551685333251953
0.7936465740203857
0.39023303985595703
0.8420329093933105
0.8034079074859619
0.45161890983581543
0.739804744720459
0.6052830219268799
1.0774142742156982
0.7796385288238525
0.4302034378051758
0.739783763885498
0.8484795093536377
0.8916299343109131
0.3527977466583252
0.3261866569519043
0.9322662353515625
0.5108611583709717
0.7523465156555176
0.603111743927002
0.19525456428527832
0.9995267391204834
1.0978937149047852
0.19132208824157715
0.5257744789123535
0.827131986618042
0.39795708656311035
0.537818431854248
0.532573938369751
0.311969518661499
0.6220972537994385
1.4648387432098389
0.6087894439697266
0.5816934108734131
0.4211595058441162
0.4761779308319092
0.9841256141662598
0.5542333126068115
0.26473259925842285
0.41979050636291504
0.9314422607421875
1.2131996154785156
0.4279670715332031
0.6843793392181396
0.9488651752471924
0.6701712608337402
0.680593729019165
0.6729788780212402
0.7463393211364746
0.8144187927246094
0.24707937240600586
0.5243351459503174
0.5161623954772949
0.9031546115875244
0.5689067840576172
0.5833978652954102
0.29901599884033203
0.32171058654785156
1.307795524597168
0.41658711433410645
0.5361237525939941
0.9960618019104004
0.39510107040405273
0.45409107208251953
0.5772688388824463
1.3443574905395508
0.19559168815612793
0.6613869667053223
0.7187528610229492
1.0519623756408691
0.7529816627502441
0.4534885883331299
0.7796716690063477
0.7829463481903076
0.6962559223175049
0.28673386573791504
0.7531576156616211
0.7246949672698975
0.69577956199646
0.40471363067626953
0.4960141181945801
0.42401981353759766
0.8946530818939209
0.970005989074707
0.698890209197998
0.2482903003692627
0.6836862564086914
0.9060685634613037
0.41063857078552246
0.49913525581359863
0.8369243144989014
0.6769075393676758
0.7208504676818848
0.21927928924560547
0.7846226692199707
0.30136537551879883
0.9725453853607178
0.6069111824035645
0.5532026290893555
0.5862691402435303
0.7679264545440674
0.52768874168396
0.4270439147949219
0.738013505935669
0.4356358051300049
0.6050331592559814
0.7582569122314453
0.6755778789520264
0.07214117050170898
